PRO HZDYN_BX610_CALC

co76=2.51222e11
ci21=2.52025e11
h2o=2.34122e11


 
END